Serial  Exact_Count  Global_Count  Error
0  0  0  nan
1  6  6  0
2  25  25  0
3  32  32  0
4  38  38  0
5  52  52  0
6  66  66  0
7  80  80  0
8  87  87  0
9  96  96  0
10  125  125  0
11  143  143  0
12  148  148  0
13  172  172  0
14  217  217  0
15  253  253  0
16  273  273  0
17  283  283  0
18  302  302  0
19  318  318  0
20  357  357  0
21  391  391  0
22  405  405  0
23  557  557  0
24  608  608  0
25  644  644  0
26  659  659  0
27  693  693  0
28  717  717  0
29  756  756  0
30  798  798  0
31  885  885  0
32  1005  1005  0
33  1037  1037  0
34  1072  1072  0
35  1142  1142  0
36  1244  1244  0
37  1305  1305  0
38  1370  1370  0
39  1417  1417  0
40  1479  1479  0
41  1521  1521  0
42  1572  1572  0
43  1627  1627  0
44  1677  1677  0
45  1728  1728  0
46  1776  1776  0
47  1818  1818  0
48  1885  1885  0
49  1928  1928  0
50  1995  1995  0
51  2043  2043  0
52  2092  2092  0
53  2163  2163  0
54  2268  2268  0
55  2339  2339  0
56  2441  2441  0
57  2506  2506  0
58  2575  2575  0
59  2685  2685  0
60  2747  2747  0
61  2802  2802  0
62  2885  2885  0
63  2937  2937  0
64  3024  3024  0
65  3102  3102.29  0.00943373
66  3178  3179.26  0.0396206
67  3284  3281.5  0.0761245
68  3417  3396.65  0.595649
69  3487  3465.57  0.614661
70  3564  3540.86  0.649377
71  3697  3671.69  0.684575
72  3767  3748.51  0.490746
73  3849  3831.54  0.453741
74  3939  3927.27  0.297916
75  4033  4014.61  0.455969
76  4130  4099.04  0.749564
77  4222  4194.05  0.661962
78  4345  4328.81  0.372549
79  4418  4390.74  0.617116
80  4528  4472.23  1.23175
81  4624  4586.9  0.80223
82  4737  4683.75  1.12413
83  4848  4810.35  0.776537
84  4926  4882.07  0.8919
85  5073  5013.07  1.18137
86  5190  5131.38  1.12945
87  5292  5248.9  0.814369
88  5370  5339.84  0.561573
89  5499  5453.71  0.82364
90  5685  5612.22  1.28028
91  5835  5731.01  1.78214
92  5977  5848.63  2.14774
93  6143  6015.55  2.07469
94  6400  6302.77  1.51916
95  6513  6432.25  1.23987
96  6636  6545.05  1.37057
97  6792  6671.3  1.77712
98  6879  6763.91  1.67307
99  7025  6915.72  1.55559
100  7185  7063.84  1.68629
101  7326  7217.43  1.48204
102  7448  7356.72  1.22561
103  7565  7518.95  0.608724
104  7699  7625.84  0.950284
105  7850  7773.99  0.968281
106  7983  7879.46  1.29697
107  8176  8032.67  1.75301
108  8270  8153.13  1.41317
109  8399  8239.78  1.89565
110  8581  8416.17  1.9209
111  8792  8610.12  2.06867
112  8920  8748.35  1.92436
113  9081  8874.25  2.27668
114  9237  9017.65  2.37464
115  9400  9238.4  1.71915
116  9559  9415.34  1.5029
117  9734  9633.49  1.03252
118  9960  9930.79  0.293316
119  10109  10070.5  0.380658
120  10268  10242.8  0.245392
121  10442  10407.7  0.328162
122  10608  10554.6  0.503052
123  10758  10689.4  0.637951
124  10957  10884.3  0.663266
125  11070  10975.9  0.849746
126  11302  11221.7  0.710688
127  11456  11316.4  1.21832
128  11623  11505  1.01551
129  11791  11630.1  1.36479
130  12008  11820.2  1.56384
131  12184  12021.7  1.33199
132  12352  12148.6  1.64691
133  12502  12310.4  1.53265
134  12659  12483.2  1.38852
135  12806  12641.3  1.28621
136  13006  12892.8  0.870418
137  13166  13033.7  1.00468
138  13318  13225.7  0.693268
139  13479  13393.2  0.636225
140  13632  13567.9  0.470021
141  13835  13819.5  0.112005
142  14000  13951.9  0.343911
143  14232  14162.7  0.486956
144  14470  14371.4  0.681496
145  14718  14613.2  0.712248
146  14930  14753.3  1.18369
147  15107  14941  1.09875
148  15318  15115.5  1.32211
149  15495  15203.8  1.87913
150  15685  15372.6  1.99151
151  15895  15559.3  2.11179
152  16123  15786.7  2.08582
153  16296  15940.4  2.18235
154  16496  16201.4  1.78596
155  16683  16387  1.77439
156  16877  16552.3  1.92406
157  17073  16702.2  2.1717
158  17247  16854.5  2.27604
159  17418  17049.8  2.11416
160  17629  17259.2  2.0976
161  17801  17362.4  2.4639
162  18007  17571.1  2.42059
163  18244  17870.5  2.04733
164  18428  18015.3  2.23967
165  18707  18308.8  2.12858
166  18934  18573.5  1.90396
167  19128  18841.6  1.49733
168  19345  19053.2  1.50855
169  19551  19320.7  1.17812
170  19818  19645.4  0.870717
171  20093  19926.2  0.830041
172  20353  20272.6  0.394857
173  20551  20504.6  0.225968
174  20806  20760.2  0.220103
175  21083  21097.1  0.0670826
176  21307  21263.7  0.203188
177  21531  21381.2  0.695782
178  21753  21537.1  0.992491
179  21988  21687.2  1.36803
180  22220  21892.1  1.47568
181  22458  22099  1.59835
182  22707  22277.2  1.89266
183  22921  22574.9  1.51002
184  23212  22955.1  1.10683
185  23384  23131.4  1.08017
186  23668  23406.9  1.10312
187  23913  23701.4  0.884981
188  24142  24049.1  0.384876
189  24405  24291.7  0.464323
190  24673  24536.8  0.551842
191  24908  24818.2  0.360387
192  25154  25025.1  0.512419
193  25431  25278.2  0.60073
194  25706  25507.1  0.773706
195  25944  25667.4  1.06631
196  26184  25900.8  1.08157
197  26400  26073.5  1.23666
198  26637  26183.7  1.70167
199  26856  26322.8  1.98545
200  27135  26631.6  1.85502
201  27362  26896.2  1.70218
202  27652  27221  1.55862
203  27884  27452.1  1.54885
204  28128  27705.2  1.503
205  28430  27970.8  1.61508
206  28683  28228.6  1.58415
207  29037  28419.1  2.12813
208  29310  28692.5  2.10665
209  29538  28845.8  2.34351
210  29848  29165.6  2.28632
211  30119  29321.8  2.64684
212  30418  29647.7  2.53227
213  30661  29796.4  2.81995
214  30918  29978.4  3.03904
215  31225  30162.3  3.4035
216  31491  30369.6  3.56115
217  31806  30711.2  3.44202
218  32040  30944.9  3.41796
219  32310  31270.6  3.21688
220  32555  31440.3  3.42404
221  32847  31611.7  3.76066
222  33247  32084.7  3.49606
223  33530  32294.1  3.68597
224  33855  32540.7  3.882
225  34180  32884.1  3.79151
226  34471  33123.1  3.91027
227  34817  33520.4  3.72399
228  35145  33812  3.79277
229  35444  34032.9  3.98135
230  35715  34218.2  4.19082
231  36040  34504.8  4.25962
232  36416  34844.8  4.31452
233  36759  35288.7  3.99981
234  37048  35749.3  3.50535
235  37419  36059.1  3.63421
236  37752  36475.7  3.38067
237  37992  36777.6  3.19639
238  38322  37121.9  3.13167
239  38624  37415.7  3.12847
240  38923  37644.7  3.28405
241  39207  37970.7  3.15319
242  39474  38354.1  2.83701
243  39781  38685.7  2.75337
244  40124  38991.7  2.82199
245  40478  39314.5  2.8745
246  40854  39738.5  2.73034
247  41201  39909.5  3.13453
248  41569  40269.6  3.12599
249  41952  40762.6  2.83509
250  42241  41171.8  2.5312
251  42648  41510.5  2.66717
252  42913  41747.9  2.71512
253  43327  42167.2  2.67686
254  43671  42529.3  2.6143
255  43998  43061.2  2.12924
256  44369  43444.1  2.08452
257  44637  43567.6  2.39567
258  44940  43878.6  2.36173
259  45324  44145  2.60134
260  45651  44413.8  2.71021
261  45953  44811.8  2.48335
262  46299  45276.7  2.20796
263  46651  45567.8  2.32192
264  47056  46219.4  1.77792
265  47412  46826.2  1.23548
266  47801  47438  0.759413
267  48146  47770.9  0.7791
268  48507  48123.4  0.790744
269  48876  48444.6  0.8827
270  49222  48631.9  1.19887
271  49577  49009.2  1.14528
272  49920  49233.9  1.37449
273  50262  49687.1  1.14379
274  50617  50126.1  0.969792
275  51023  50550.8  0.925426
276  51319  50817.6  0.976937
277  51720  51283.7  0.843671
278  52116  51771.4  0.661197
279  52491  52062.4  0.816524
280  52904  52465.6  0.828747
281  53315  52834.3  0.901584
282  53730  53261.8  0.871382
283  54044  53467.6  1.06654
284  54422  53995.7  0.783329
285  54748  54318.2  0.785085
286  55133  54815  0.576713
287  55465  55180.5  0.512898
288  55833  55568  0.474541
289  56120  55841  0.497117
290  56443  56234  0.370223
291  56813  56530.6  0.497035
292  57257  56849.4  0.711963
293  57638  57230.7  0.706605
294  58049  57473.2  0.991991
295  58372  57798.5  0.982542
296  58784  58330.7  0.771143
297  59129  58701.6  0.722891
298  59523  59178.9  0.578128
299  59950  59722.2  0.380019
300  60332  60016.5  0.522916
301  60719  60270.6  0.738423
302  61237  60845  0.64007
303  61702  61338.9  0.588522
304  62120  61878.6  0.388601
305  62503  62139.3  0.581929
306  62917  62555  0.575312
307  63311  62995.2  0.49873
308  63715  63637.7  0.121394
309  64197  64217.6  0.0320456
310  64639  64644.1  0.00796399
311  65126  65163.5  0.0576164
312  65511  65481.7  0.0446527
313  65907  65916.6  0.0146116
314  66428  66307.8  0.180977
315  66847  66724.7  0.182932
316  67231  67167.7  0.0941412
317  67606  67519.7  0.127647
318  68079  68039.5  0.0579701
319  68404  68371.9  0.0469127
320  68891  68635.1  0.371487
321  69255  69092  0.235366
322  69668  69673.8  0.00838846
323  70071  70112.3  0.0590055
324  70429  70480.1  0.0725252
325  70905  70874.8  0.0425878
326  71387  71321.7  0.0915232
327  71830  71921.4  0.127242
328  72290  72197.9  0.127366
329  72797  72880.8  0.115066
330  73241  73389  0.202038
331  73727  74003.2  0.374677
332  74121  74260.8  0.188623
333  74593  75037.6  0.596025
334  75045  75793.1  0.996925
335  75499  76186.1  0.910115
336  75879  76634.1  0.995186
337  76277  77085.4  1.05977
338  76798  77619  1.0691
339  77276  77994.9  0.930272
340  77744  78696.6  1.2253
341  78181  79158.5  1.25034
342  78667  79841.6  1.4931
343  79136  80720.8  2.00266
344  79615  81052.6  1.80572
345  80162  81664  1.87373
346  80652  82083.4  1.77473
347  81135  82364.7  1.51557
348  81552  82930.2  1.68994
349  82114  83300  1.44433
350  82652  84043.3  1.68333
351  83134  84475.1  1.61315
352  83546  84995.6  1.73513
353  83989  85723.2  2.06484
354  84451  86308.5  2.19951
355  84869  86926.8  2.42465
356  85326  87726.3  2.81309
357  85849  88500.1  3.08812
358  86351  88948.9  3.00852
359  86801  89309.9  2.8904
360  87272  89794  2.88981
361  87847  90280.9  2.7706
362  88326  90648  2.62894
363  88806  91047.5  2.52407
364  89371  91758.8  2.67175
365  89915  92443.2  2.81174
366  90464  92818.5  2.60266
367  90935  93321.5  2.62436
368  91468  93827.2  2.5793
369  92077  94240.5  2.34969
370  92651  94847.8  2.37109
371  93217  95715.6  2.6804
372  93684  96168  2.65151
373  94167  96947.8  2.95302
374  94640  97633.2  3.16271
375  95137  98158.4  3.1758
376  95716  98752.3  3.1722
377  96209  99183.5  3.09169
378  96744  99717.3  3.07338
379  97207  100288  3.16923
380  97762  100894  3.20418
381  98233  101539  3.36525
382  98777  102118  3.38207
383  99227  102357  3.15448
384  99753  102702  2.9559
385  100253  103151  2.89106
386  100822  103534  2.69017
387  101338  104199  2.82286
388  101816  104726  2.85767
389  102302  105008  2.64528
390  102834  105754  2.83909
391  103436  106396  2.86149
392  103969  106898  2.81709
393  104459  107186  2.61074
394  104977  107585  2.48388
395  105459  108094  2.49893
396  105979  108827  2.68706
397  106556  109416  2.68358
398  107159  110266  2.89979
399  107626  110638  2.79839
400  108180  110974  2.58266
401  108708  111425  2.49917
402  109331  112444  2.8472
403  109769  112899  2.85119
404  110349  113661  3.00101
405  110806  113967  2.85259
406  111346  114390  2.73389
407  111849  114854  2.68642
408  112462  115320  2.54116
409  112998  115827  2.50368
410  113448  116298  2.51225
411  114034  116968  2.57334
412  114540  117523  2.60447
413  115122  118080  2.56986
414  115689  118880  2.75817
415  116261  119563  2.84057
416  116819  120089  2.79893
417  117448  120860  2.90513
418  117993  121920  3.32799
419  118574  122493  3.30496
420  119121  122699  3.00347
421  119673  123154  2.90896
422  120365  123778  2.83546
423  120949  124363  2.82256
424  121558  125119  2.92918
425  122116  125540  2.80406
426  122691  126006  2.70179
427  123298  126687  2.7486
428  123893  127157  2.63466
429  124471  127716  2.60709
430  125034  128148  2.49034
431  125634  128755  2.48407
432  126201  129147  2.33426
433  126806  129497  2.12215
434  127442  130156  2.12955
435  128003  130421  1.88884
436  128556  130953  1.86494
437  129193  131354  1.67301
438  129703  132116  1.86009
439  130267  132610  1.79879
440  130858  133288  1.85686
441  131427  133696  1.72671
442  131989  134198  1.67326
443  132621  134472  1.39599
444  133214  135071  1.39391
445  133722  135856  1.59599
446  134285  136506  1.65402
447  134848  136692  1.36778
448  135372  137488  1.56337
449  135926  138100  1.59935
450  136500  138667  1.5879
451  137038  139095  1.50075
452  137591  139810  1.61284
453  138189  140720  1.83137
454  138869  141056  1.57519
455  139526  141636  1.5123
456  140064  142072  1.43392
457  140671  142414  1.23872
458  141300  143050  1.23851
459  141946  143885  1.3661
460  142586  144477  1.32643
461  143149  144874  1.20524
462  143833  145522  1.17414
463  144448  146122  1.15909
464  145099  146876  1.22466
465  145669  147582  1.31357
466  146321  148140  1.24297
467  147035  149208  1.47803
468  147708  149821  1.43056
469  148281  150539  1.52302
470  149010  151107  1.40699
471  149668  151728  1.37614
472  150380  152403  1.34549
473  150973  152717  1.15485
474  151563  153293  1.1413
475  152182  153766  1.04105
476  152863  154507  1.07521
477  153439  155250  1.18015
478  154123  155676  1.00792
479  154816  156426  1.03978
480  155426  156695  0.816268
481  156192  157667  0.944221
482  156860  158643  1.13644
483  157615  159677  1.30806
484  158211  160551  1.47906
485  158911  161375  1.55029
486  159514  161925  1.51169
487  160313  163143  1.76521
488  161051  163810  1.71293
489  161688  164144  1.51912
490  162397  164760  1.45529
491  163082  165435  1.44308
492  163750  166283  1.54688
493  164373  166907  1.54168
494  165048  167875  1.71257
495  165788  168275  1.49992
496  166484  169480  1.79963
497  167171  170172  1.79518
498  168023  171156  1.86461
499  168695  171969  1.94073
500  169400  172436  1.79198
501  170090  173138  1.79209
502  170769  173608  1.6626
503  171428  174258  1.65069
504  172252  174731  1.43933
505  172955  175624  1.54297
506  173743  176221  1.4262
507  174459  177061  1.4912
508  175197  177844  1.51071
509  176112  178629  1.42945
510  176821  179297  1.40002
511  177542  180088  1.4343
512  178181  180823  1.48258
513  178865  181252  1.33468
514  179568  182115  1.41831
515  180285  182919  1.46119
516  180977  183479  1.38226
517  181711  184165  1.3504
518  182425  185229  1.53703
519  183208  186108  1.58291
520  183989  186676  1.46027
521  184728  187436  1.46567
522  185493  188516  1.62968
523  186237  189537  1.77199
524  187115  191139  2.15071
525  187942  191847  2.07758
526  188696  192814  2.18248
527  189509  193916  2.32536
528  190264  194696  2.3293
529  191074  195479  2.3056
530  191817  196266  2.3193
531  192557  196792  2.19946
532  193333  197717  2.26734
533  194139  198313  2.15006
534  194986  199511  2.32051
535  195791  200112  2.20672
536  196486  200514  2.04982
537  197286  201724  2.24955
538  198026  202467  2.24267
539  198737  203280  2.28602
540  199416  204164  2.38096
541  200231  204710  2.23715
542  200985  205259  2.12635
543  201765  206015  2.10653
544  202659  207258  2.2692
545  203340  207743  2.1653
546  204172  208578  2.1578
547  205083  208926  1.87409
548  205820  209417  1.74769
549  206639  210050  1.65067
550  207425  210967  1.70759
551  208320  212030  1.78088
552  209018  213096  1.95091
553  209691  213738  1.92983
554  210417  214310  1.85025
555  211311  215459  1.96291
556  212118  216540  2.08488
557  212896  217336  2.08569
558  213673  217990  2.02042
559  214526  218646  1.92069
560  215306  219378  1.8912
561  216025  219819  1.75605
562  216765  220850  1.88439
563  217525  221811  1.97025
564  218329  222330  1.83253
565  219188  223819  2.11297
566  219928  224268  1.97327
567  220684  224643  1.79391
568  221460  225546  1.84484
569  222312  226981  2.10005
570  223105  227587  2.00882
571  224023  228879  2.16777
572  224807  229948  2.28679
573  225682  230484  2.12762
574  226521  231714  2.29231
575  227282  232330  2.22112
576  228056  233259  2.28146
577  228906  233803  2.1391
578  229751  234582  2.10262
579  230669  236223  2.40795
580  231566  236930  2.3162
581  232461  237402  2.12558
582  233352  238192  2.0742
583  234225  239143  2.09988
584  235034  239780  2.0192
585  235786  240897  2.16769
586  236613  241858  2.21668
587  237423  242180  2.00343
588  238359  243147  2.00878
589  239213  244118  2.05033
590  239970  245173  2.16827
591  240820  245825  2.07837
592  241619  246397  1.97764
593  242534  247136  1.89736
594  243359  247629  1.75477
595  244249  248125  1.5868
596  245061  248539  1.41932
597  245968  249537  1.45086
598  246758  250537  1.53151
599  247555  251206  1.47493
600  248361  252633  1.72026
601  249221  253644  1.77488
602  250048  254236  1.67485
603  250952  254745  1.51137
604  251767  255255  1.38558
605  252648  255682  1.20092
606  253553  256367  1.10986
607  254418  257054  1.03623
608  255272  257485  0.867039
609  256170  258783  1.02014
610  257126  259998  1.11705
611  258118  260781  1.03181
612  258919  261568  1.02292
613  259748  262181  0.936589
614  260687  262533  0.70795
615  261527  263503  0.755511
616  262494  265273  1.05871
617  263354  266072  1.03224
618  264418  267052  0.996183
619  265324  268392  1.15645
620  266153  268661  0.942443
621  267074  269381  0.863827
622  267995  270463  0.921096
623  268857  271369  0.93442
624  269738  271824  0.773241
625  270669  272279  0.594876
626  271704  273010  0.480646
627  272651  273560  0.333352
628  273536  275123  0.580315
629  274444  276047  0.583995
630  275327  277158  0.664929
631  276137  277436  0.470531
632  277144  278182  0.374471
633  278087  278743  0.235719
634  279044  280430  0.496648
635  279957  281370  0.5048
636  280889  282408  0.540777
637  281801  282881  0.38323
638  282864  283451  0.2074
639  283831  284784  0.335696
640  284750  285357  0.21312
641  285644  285932  0.100763
642  286616  286797  0.063011
643  287466  287375  0.0315365
644  288422  288343  0.0274568
645  289398  289119  0.0964658
646  290342  290287  0.0190688
647  291167  291653  0.167026
648  292168  291947  0.0756653
649  293157  292635  0.178207
650  294060  293916  0.0491352
651  295008  295201  0.0653527
652  295894  296391  0.167911
653  296875  297783  0.305869
654  297815  298781  0.32424
655  298716  299781  0.356566
656  299614  301086  0.491178
657  300666  301891  0.407433
658  301573  302698  0.373154
659  302524  303610  0.35896
660  303457  304828  0.451926
661  304377  305542  0.382673
662  305324  306257  0.305531
663  306213  307385  0.382641
664  307204  309029  0.594209
665  308403  309442  0.336842
666  309352  310580  0.396811
667  310288  311513  0.39472
668  311253  313074  0.584942
669  312288  313804  0.485464
670  313188  314537  0.430648
671  314268  315902  0.519881
672  315257  316429  0.371675
673  316434  316957  0.165264
674  317429  317910  0.151686
675  318547  319292  0.23382
676  319533  320038  0.158058
677  320527  321000  0.147625
678  321555  321536  0.00583405
679  322752  322396  0.110168
680  323832  323475  0.110396
681  324825  324448  0.116076
682  325874  325424  0.138069
683  326831  326512  0.0975983
684  327964  328585  0.189479
685  328980  329461  0.146172
686  330107  330668  0.170091
687  331148  331328  0.0544829
688  332246  332211  0.0104937
689  333316  333650  0.100138
690  334325  334871  0.163305
691  335427  336541  0.332113
692  336392  337323  0.276744
693  337538  338780  0.36782
694  338671  340801  0.62885
695  339692  341251  0.459016
696  340763  342833  0.607467
697  341749  343852  0.615357
698  342752  345215  0.718633
699  343788  346810  0.87904
700  344942  347039  0.607885
701  345913  347726  0.524195
702  347039  348186  0.330464
703  348130  350145  0.578839
704  349133  350492  0.389243
705  350233  351650  0.404693
706  351315  352696  0.393027
707  352362  354094  0.491658
708  353395  354912  0.429285
709  354607  356436  0.515762
710  355738  357964  0.62578
711  356858  359378  0.706297
712  357853  359969  0.591367
713  358982  360799  0.506053
714  360102  361630  0.424402
715  361240  363180  0.536901
716  362305  364255  0.538132
717  363339  365333  0.548857
718  364469  366295  0.501035
719  365722  367621  0.51923
720  366925  368587  0.453031
721  368094  370163  0.562208
722  369118  371136  0.546737
723  370136  372355  0.599549
724  371355  372966  0.433855
725  372412  374069  0.444984
726  373550  375298  0.467844
727  374650  376283  0.435968
728  375802  377519  0.456934
729  376969  377891  0.244491
730  378136  378760  0.16509
731  379342  379009  0.0876853
732  380545  379759  0.206546
733  381625  381137  0.127857
734  382847  382142  0.184034
735  383895  383276  0.161172
736  385143  384539  0.15675
737  386212  385553  0.170751
738  387366  386187  0.304237
739  388514  387715  0.205621
740  389525  389247  0.0714227
741  390610  390143  0.119626
742  391680  391426  0.0648011
743  392922  392842  0.0202934
744  394215  393230  0.24999
745  395322  394782  0.136572
746  396450  395042  0.355251
747  397628  395302  0.585014
748  398919  396737  0.546986
749  400065  397783  0.57034
750  401150  398308  0.708479
751  402259  399886  0.589992
752  403399  401072  0.576847
753  404741  401733  0.743147
754  405917  402661  0.802196
755  407123  403990  0.769642
756  408269  404389  0.950289
757  409486  405859  0.885718
758  410734  406797  0.958519
759  411881  407603  1.03871
760  413115  407872  1.26915
761  414268  408817  1.31591
762  415337  409764  1.34184
763  416537  410035  1.56088
764  417758  410988  1.62065
765  418911  412352  1.56576
766  420191  412899  1.73535
767  421383  413996  1.75303
768  422530  414684  1.85691
769  423860  416063  1.83964
770  425095  417583  1.76719
771  426269  418691  1.77768
772  427548  419386  1.90899
773  428860  420779  1.88431
774  430101  422036  1.87512
775  431382  423437  1.84167
776  432710  424139  1.9807
777  434018  425124  2.04916
778  435344  426817  1.95868
779  436556  427524  2.06893
780  437714  428517  2.10119
781  439074  429796  2.11301
782  440354  430224  2.30036
783  441513  431511  2.26549
784  442839  432657  2.29922
785  444151  433519  2.39371
786  445454  434384  2.48515
787  446752  435972  2.41302
788  448169  437130  2.46318
789  449488  438581  2.42655
790  450797  439308  2.54862
791  452162  440767  2.52008
792  453516  441498  2.64987
793  454876  443404  2.52196
794  456197  444139  2.64318
795  457543  445613  2.60745
796  458854  448271  2.30646
797  460169  449752  2.26381
798  461447  452276  1.98744
799  462744  454211  1.84406
800  464159  455106  1.9504
801  465507  456154  2.00928
802  466902  458853  1.72383
803  468233  460657  1.61796
804  469497  462615  1.46572
805  470816  463069  1.64544
806  472146  464886  1.53765
807  473598  466708  1.45483
808  474988  468991  1.2625
809  476298  469907  1.34179
810  477706  471742  1.24849
811  479102  473429  1.1841
812  480475  474659  1.21052
813  481962  476970  1.03566
814  483268  478361  1.01546
815  484675  479445  1.07904
816  486072  480532  1.13981
817  487472  481621  1.20024
818  488988  483025  1.21951
819  490409  484902  1.12303
820  491776  485842  1.20662
821  493228  487413  1.17888
822  494667  488673  1.21162
823  496061  489937  1.23455
824  497440  492311  1.03106
825  498926  494056  0.976006
826  500275  495489  0.95672
827  501752  496445  1.05763
828  503153  497564  1.11081
829  504554  499646  0.972642
830  505960  500610  1.05733
831  507331  502542  0.943933
832  508799  503673  1.00753
833  510258  505614  0.910204
834  511697  506748  0.967141
835  513050  507561  1.06993
836  514528  509353  1.00583
837  515983  511639  0.841835
838  517497  512621  0.942159
839  518887  513113  1.11268
840  520392  515087  1.0194
841  521862  515746  1.17189
842  523489  517399  1.16339
843  525011  518559  1.22893
844  526545  519555  1.32752
845  527938  521386  1.24109
846  529380  522053  1.384
847  530943  523057  1.48532
848  532487  525237  1.36161
849  534224  527085  1.33637
850  535793  528264  1.40518
851  537323  528770  1.59171
852  538962  530801  1.5142
853  540421  532327  1.49765
854  542032  533517  1.57087
855  543493  533858  1.77275
856  545147  535737  1.7261
857  546872  538476  1.53525
858  548379  541050  1.33651
859  550077  542082  1.45344
860  551691  543116  1.55423
861  553243  544326  1.61179
862  554749  546058  1.56664
863  556339  547794  1.53585
864  558057  550057  1.43354
865  559749  551104  1.5445
866  561303  553552  1.38093
867  562964  555304  1.36063
868  564627  556182  1.49565
869  566329  557591  1.543
870  568080  559531  1.5049
871  569562  560769  1.54384
872  571198  562187  1.57762
873  572738  563253  1.65605
874  574423  564856  1.66555
875  576119  566998  1.58323
876  577688  569144  1.47894
877  579333  570220  1.57297
878  581149  572377  1.50939
879  582844  573457  1.61048
880  584564  574540  1.71474
881  586324  577074  1.57769
882  588005  579068  1.51991
883  589716  580522  1.55909
884  591481  582890  1.45244
885  593213  585081  1.37084
886  594968  586728  1.38502
887  596723  588378  1.39846
888  598394  589481  1.48953
889  600118  591139  1.4962
890  602002  593171  1.46701
891  603701  594651  1.49904
892  605472  596877  1.41963
893  607249  597992  1.52446
894  608873  600041  1.45058
895  610644  601535  1.49173
896  612425  602470  1.62545
897  614147  604722  1.53471
898  615900  606789  1.47933
899  617646  607919  1.57484
900  619423  609996  1.52187
901  621296  610942  1.66653
902  623096  611890  1.79844
903  625018  612840  1.94835
904  626731  616459  1.63891
905  628472  618368  1.60764
906  630177  621238  1.41842
907  632097  622964  1.44486
908  633998  624693  1.46764
909  635835  626619  1.4494
910  637736  628935  1.38002
911  639643  630289  1.4623
912  641638  632035  1.49661
913  643645  633784  1.53212
914  645589  635731  1.52705
915  647653  638267  1.44918
916  649504  640028  1.45902
917  651461  642379  1.39408
918  653379  643951  1.44297
919  655291  646707  1.30994
920  656994  648680  1.26539
921  658704  650263  1.28152
922  660547  652442  1.22696
923  662566  654229  1.25825
924  664807  657016  1.17195
