Serial  Exact_Count  Global_Count  Error
0  0  0  5.56984e-309
1  6  0  5.56992e-309
2  25  0  5.57011e-309
3  32  0  5.57045e-309
4  38  0  5.57085e-309
5  52  0  5.57094e-309
6  66  0  5.57147e-309
7  80  0  5.57151e-309
8  87  0  5.57194e-309
9  96  0  5.572e-309
10  125  0  5.57213e-309
11  143  0  5.57251e-309
12  148  0  5.57259e-309
13  172  0  5.57272e-309
14  217  300  5.57285e-309
15  253  400  5.57312e-309
16  273  400  5.57325e-309
17  283  400  5.57366e-309
18  302  400  5.57368e-309
19  318  400  5.57374e-309
20  357  400  5.57389e-309
21  391  400  5.57391e-309
22  405  400  5.57419e-309
23  557  700  5.57442e-309
24  608  700  5.57461e-309
25  644  700  5.57523e-309
26  659  700  5.57525e-309
27  693  700  5.57584e-309
28  717  800  5.57633e-309
29  756  800  5.57637e-309
30  798  800  5.57644e-309
31  885  1000  5.5765e-309
32  1005  1100  5.57654e-309
33  1037  1100  5.57663e-309
34  1072  1200  5.57699e-309
35  1142  1200  5.57705e-309
36  1244  1200  5.57707e-309
37  1305  1200  5.57728e-309
38  1370  1400  5.57737e-309
39  1417  1600  5.57743e-309
40  1479  1600  5.57747e-309
41  1521  1600  5.57747e-309
42  1572  1600  5.57747e-309
43  1627  1600  5.5776e-309
44  1677  1600  5.57771e-309
45  1728  1600  5.57786e-309
46  1776  1600  5.57788e-309
47  1818  1600  5.57858e-309
48  1885  1600  5.57864e-309
49  1928  1600  5.57917e-309
50  1995  1600  5.57953e-309
51  2043  1600  5.57962e-309
52  2092  1600  5.57966e-309
53  2163  1600  5.58025e-309
54  2268  1700  5.58076e-309
55  2339  1800  5.58159e-309
56  2441  1800  5.58183e-309
57  2506  1800  5.58185e-309
58  2575  1900  5.58193e-309
59  2685  1900  5.58206e-309
60  2747  1900  5.58223e-309
61  2802  2000  5.5824e-309
62  2885  2000  5.58272e-309
63  2937  2000  5.58282e-309
64  3024  2200  5.58293e-309
65  3102  2200  5.58314e-309
66  3178  2300  5.58361e-309
67  3284  2400  5.58467e-309
68  3417  2400  5.58482e-309
69  3487  2500  5.58526e-309
70  3564  2500  5.58554e-309
71  3697  2600  5.58609e-309
72  3767  2600  5.58671e-309
73  3849  2700  5.58711e-309
74  3939  3000  5.58734e-309
75  4033  3000  5.58738e-309
76  4130  3200  5.58779e-309
77  4222  3200  5.58792e-309
78  4345  3400  5.58792e-309
79  4418  3500  5.58836e-309
80  4528  3600  5.5884e-309
81  4624  3700  5.58857e-309
82  4737  4400  5.58885e-309
83  4848  4600  5.58917e-309
84  4926  4600  5.58953e-309
85  5073  4600  5.58999e-309
86  5190  4600  5.59029e-309
87  5292  4600  5.59036e-309
88  5370  4800  5.59069e-309
89  5499  4900  5.5911e-309
90  5685  5600  5.59159e-309
91  5835  5600  5.59167e-309
92  5977  5700  5.5925e-309
93  6143  5700  5.59258e-309
94  6400  6000  5.59275e-309
95  6513  6000  5.59292e-309
96  6636  6000  5.59324e-309
97  6792  6000  5.59413e-309
98  6879  6200  5.59434e-309
99  7025  6400  5.59447e-309
100  7185  6600  5.59451e-309
101  7326  6600  5.59464e-309
102  7448  6600  5.59502e-309
103  7565  6600  5.59511e-309
104  7699  6700  5.59513e-309
105  7850  6700  5.59515e-309
106  7983  6900  5.59517e-309
107  8176  7100  5.59521e-309
108  8270  7100  5.59551e-309
109  8399  7200  5.59564e-309
110  8581  7200  5.59572e-309
111  8792  7500  5.59577e-309
112  8920  7700  5.59619e-309
113  9081  7800  5.59634e-309
114  9237  7800  5.59645e-309
115  9400  7800  5.59653e-309
116  9559  7800  5.59698e-309
117  9734  8000  5.59715e-309
118  9960  8200  5.59723e-309
119  10109  8300  5.5974e-309
120  10268  8500  5.59755e-309
121  10442  8900  5.59785e-309
122  10608  8900  5.59825e-309
123  10758  9100  5.59836e-309
124  10957  9200  5.59838e-309
125  11070  9300  5.59886e-309
126  11302  9600  5.59897e-309
127  11456  10100  5.59967e-309
128  11623  10400  5.60067e-309
129  11791  10600  5.60071e-309
130  12008  11100  5.60118e-309
131  12184  11100  5.60141e-309
132  12352  11200  5.6016e-309
133  12502  11400  5.60196e-309
134  12659  11500  5.60207e-309
135  12806  11900  5.60271e-309
136  13006  11900  5.60292e-309
137  13166  12200  5.60296e-309
138  13318  12200  5.6033e-309
139  13479  12500  5.60358e-309
140  13632  12900  5.60381e-309
141  13835  13100  5.60398e-309
142  14000  13200  5.60398e-309
143  14232  13200  5.60428e-309
144  14470  13500  5.60438e-309
145  14718  13700  5.60498e-309
146  14930  13900  5.60525e-309
147  15107  14300  5.60536e-309
148  15318  14500  5.60555e-309
149  15495  14700  5.60587e-309
150  15685  14800  5.60604e-309
151  15895  15200  5.60616e-309
152  16123  15400  5.60672e-309
153  16296  15900  5.60686e-309
154  16496  16100  5.60693e-309
155  16683  16200  5.60744e-309
156  16877  16300  5.60814e-309
157  17073  16300  5.60837e-309
158  17247  16600  5.60856e-309
159  17418  17100  5.60869e-309
160  17629  17200  5.60911e-309
161  17801  17500  5.60935e-309
162  18007  17700  5.60941e-309
163  18244  18200  5.60988e-309
164  18428  18400  5.61015e-309
165  18707  18600  5.61026e-309
166  18934  18900  5.61124e-309
167  19128  19200  5.61124e-309
168  19345  19500  5.61143e-309
169  19551  19800  5.61158e-309
170  19818  20100  5.61194e-309
171  20093  20500  5.61215e-309
172  20353  20500  5.61293e-309
173  20551  20600  5.61306e-309
174  20806  20600  5.61321e-309
175  21083  20800  5.61357e-309
176  21307  20900  5.61359e-309
177  21531  20900  5.61372e-309
178  21753  21100  5.61378e-309
179  21988  21500  5.61416e-309
180  22220  21700  5.6144e-309
181  22458  21800  5.61461e-309
182  22707  21800  5.61495e-309
183  22921  21800  5.61514e-309
184  23212  22200  5.61556e-309
185  23384  22300  5.61584e-309
186  23668  22400  5.61605e-309
187  23913  23100  5.61622e-309
188  24142  23400  5.61648e-309
189  24405  23500  5.61648e-309
190  24673  23800  5.61652e-309
191  24908  23900  5.61665e-309
192  25154  24000  5.61684e-309
193  25431  24200  5.61694e-309
194  25706  24200  5.61709e-309
195  25944  24300  5.61722e-309
196  26184  24700  5.61739e-309
197  26400  25400  5.61779e-309
198  26637  25600  5.61798e-309
199  26856  25700  5.61801e-309
200  27135  26400  5.61826e-309
201  27362  26800  5.61834e-309
202  27652  26800  5.61839e-309
203  27884  26900  5.61868e-309
204  28128  27100  5.61881e-309
205  28430  27300  5.61896e-309
206  28683  27600  5.61902e-309
207  29037  27900  5.61907e-309
208  29310  28100  5.61919e-309
209  29538  28400  5.61951e-309
210  29848  28700  5.61962e-309
211  30119  28800  5.61972e-309
212  30418  29100  5.62017e-309
213  30661  29400  5.62019e-309
214  30918  29600  5.62025e-309
215  31225  30000  5.62055e-309
216  31491  30600  5.62076e-309
217  31806  30700  5.62083e-309
218  32040  30800  5.62117e-309
219  32310  30900  5.62129e-309
220  32555  31100  5.62163e-309
221  32847  31400  5.62168e-309
222  33247  31800  5.62223e-309
223  33530  32000  5.62231e-309
224  33855  32400  5.6224e-309
225  34180  32800  5.62244e-309
226  34471  33100  5.62267e-309
227  34817  33500  5.62306e-309
228  35145  33700  5.62352e-309
229  35444  33800  5.62373e-309
230  35715  33800  5.62405e-309
231  36040  34100  5.6241e-309
232  36416  34100  5.6241e-309
233  36759  34400  5.62414e-309
234  37048  34400  5.62448e-309
235  37419  34800  5.62469e-309
236  37752  35200  5.62486e-309
237  37992  35400  5.62509e-309
238  38322  35900  5.62524e-309
239  38624  36500  5.62579e-309
240  38923  37000  5.62639e-309
241  39207  37400  5.62647e-309
242  39474  37700  5.62668e-309
243  39781  37800  5.62688e-309
244  40124  37800  5.62724e-309
245  40478  38100  5.62736e-309
246  40854  38400  5.62772e-309
247  41201  38500  5.62779e-309
248  41569  38700  5.62796e-309
249  41952  39400  5.62836e-309
250  42241  39400  5.62895e-309
251  42648  39400  5.62904e-309
252  42913  39600  5.62936e-309
253  43327  40100  5.62953e-309
254  43671  40200  5.63042e-309
255  43998  40300  5.63044e-309
256  44369  40800  5.6305e-309
257  44637  41100  5.63095e-309
258  44940  41100  5.63106e-309
259  45324  41900  5.63148e-309
260  45651  42200  5.63156e-309
261  45953  42400  5.63176e-309
262  46299  42700  5.63199e-309
263  46651  43300  5.63218e-309
264  47056  43700  5.63243e-309
265  47412  44200  5.6326e-309
266  47801  44400  5.63294e-309
267  48146  44600  5.63339e-309
268  48507  45100  5.63339e-309
269  48876  45900  5.63347e-309
270  49222  46400  5.63369e-309
271  49577  46500  5.63386e-309
272  49920  47200  5.63398e-309
273  50262  47400  5.63409e-309
274  50617  47500  5.63471e-309
275  51023  47800  5.63477e-309
276  51319  48500  5.63532e-309
277  51720  48600  5.63541e-309
278  52116  48700  5.63551e-309
279  52491  49200  5.63558e-309
280  52904  50000  5.63598e-309
281  53315  50600  5.63615e-309
282  53730  51000  5.63659e-309
283  54044  51100  5.63668e-309
284  54422  51300  5.63674e-309
285  54748  51800  5.63676e-309
286  55133  52300  5.63738e-309
287  55465  52800  5.63763e-309
288  55833  53000  5.63776e-309
289  56120  53000  5.63799e-309
290  56443  53600  5.63802e-309
291  56813  54100  5.63865e-309
292  57257  54600  5.63878e-309
293  57638  54900  5.6388e-309
294  58049  55500  5.63889e-309
295  58372  56000  5.63969e-309
296  58784  56600  5.63984e-309
297  59129  56700  5.63993e-309
298  59523  57100  5.64007e-309
299  59950  57500  5.64012e-309
300  60332  58000  5.64022e-309
301  60719  58800  5.64022e-309
302  61237  59400  5.64026e-309
303  61702  59600  5.64033e-309
304  62120  60100  5.64039e-309
305  62503  60100  5.64048e-309
306  62917  60500  5.64063e-309
307  63311  60800  5.64071e-309
308  63715  61100  5.64128e-309
309  64197  61600  5.64156e-309
310  64639  62200  5.64207e-309
311  65126  62600  5.64224e-309
312  65511  62800  5.64254e-309
313  65907  63000  5.64279e-309
314  66428  63600  5.64279e-309
315  66847  63900  5.64281e-309
316  67231  64300  5.64326e-309
317  67606  64300  5.64372e-309
318  68079  64400  5.64374e-309
319  68404  64700  5.64377e-309
320  68891  65500  5.64396e-309
321  69255  65800  5.64419e-309
322  69668  66100  5.64425e-309
323  70071  66600  5.64519e-309
324  70429  66900  5.64548e-309
325  70905  67200  5.64578e-309
326  71387  67600  5.64589e-309
327  71830  68400  5.64623e-309
328  72290  68700  5.64657e-309
329  72797  69600  5.64667e-309
330  73241  70000  5.64669e-309
331  73727  70000  5.64742e-309
332  74121  70400  5.64826e-309
333  74593  70900  5.6485e-309
334  75045  71700  5.64875e-309
335  75499  72100  5.64918e-309
336  75879  72300  5.64922e-309
337  76277  72500  5.64941e-309
338  76798  73200  5.64954e-309
339  77276  73600  5.64977e-309
340  77744  74100  5.64981e-309
341  78181  74600  5.65005e-309
342  78667  75300  5.65013e-309
343  79136  75900  5.65045e-309
344  79615  76400  5.65054e-309
345  80162  76900  5.65087e-309
346  80652  77200  5.65096e-309
347  81135  77700  5.651e-309
348  81552  78300  5.65104e-309
349  82114  78700  5.65107e-309
350  82652  79200  5.6513e-309
351  83134  79800  5.65183e-309
352  83546  80600  5.65194e-309
353  83989  81000  5.65217e-309
354  84451  81600  5.65238e-309
355  84869  81900  5.65276e-309
356  85326  82300  5.65319e-309
357  85849  82800  5.65321e-309
358  86351  83400  5.65361e-309
359  86801  83700  5.65374e-309
360  87272  84200  5.65387e-309
361  87847  84500  5.65427e-309
362  88326  85200  5.65467e-309
363  88806  85400  5.6548e-309
364  89371  86100  5.6548e-309
365  89915  86500  5.6548e-309
366  90464  86900  5.65499e-309
367  90935  87600  5.65527e-309
368  91468  87800  5.65586e-309
369  92077  88900  5.65624e-309
370  92651  89300  5.65624e-309
371  93217  89900  5.65635e-309
372  93684  90000  5.65673e-309
373  94167  90500  5.65709e-309
374  94640  91200  5.65771e-309
375  95137  91600  5.65786e-309
376  95716  92200  5.65792e-309
377  96209  92300  5.658e-309
378  96744  93100  5.6582e-309
379  97207  93700  5.65843e-309
380  97762  94500  5.65856e-309
381  98233  95300  5.65868e-309
382  98777  95800  5.65892e-309
383  99227  95900  5.65953e-309
384  99753  96000  5.65994e-309
385  100253  96700  5.66002e-309
386  100822  97200  5.66019e-309
387  101338  97500  5.66061e-309
388  101816  97700  5.66129e-309
389  102302  98600  5.66155e-309
390  102834  99300  5.6617e-309
391  103436  100300  5.66282e-309
392  103969  100600  5.66312e-309
393  104459  101400  5.6632e-309
394  104977  101800  5.66348e-309
395  105459  102300  5.66356e-309
396  105979  102900  5.66363e-309
397  106556  103200  5.66395e-309
398  107159  103600  5.66409e-309
399  107626  104000  5.66437e-309
400  108180  104100  5.66469e-309
401  108708  104500  5.66482e-309
402  109331  104700  5.66488e-309
403  109769  105100  5.66533e-309
404  110349  105900  5.6655e-309
405  110806  106200  5.66552e-309
406  111346  106700  5.66564e-309
407  111849  107300  5.666e-309
408  112462  108000  5.66654e-309
409  112998  108100  5.66662e-309
410  113448  108400  5.66662e-309
411  114034  108700  5.66664e-309
412  114540  109100  5.66679e-309
413  115122  109400  5.66715e-309
414  115689  109900  5.66717e-309
415  116261  110400  5.66724e-309
416  116819  111100  5.66738e-309
417  117448  111700  5.66762e-309
418  117993  112300  5.66764e-309
419  118574  113100  5.66806e-309
420  119121  113700  5.66836e-309
421  119673  114200  5.66885e-309
422  120365  115400  5.66923e-309
423  120949  116000  5.66965e-309
424  121558  116700  5.66978e-309
425  122116  117500  5.66987e-309
426  122691  117600  5.67012e-309
427  123298  118100  5.67012e-309
428  123893  118500  5.67052e-309
429  124471  118900  5.67067e-309
430  125034  119600  5.67095e-309
431  125634  119800  5.67125e-309
432  126201  120500  5.67125e-309
433  126806  121400  5.67165e-309
434  127442  122000  5.67199e-309
435  128003  122300  5.67199e-309
436  128556  122700  5.67199e-309
437  129193  123100  5.67209e-309
438  129703  123200  5.67229e-309
439  130267  123900  5.67269e-309
440  130858  124900  5.67288e-309
441  131427  125000  5.67358e-309
442  131989  125700  5.67386e-309
443  132621  126300  5.67407e-309
444  133214  126500  5.67437e-309
445  133722  126800  5.67449e-309
446  134285  127500  5.6749e-309
447  134848  128200  5.67515e-309
448  135372  128700  5.67526e-309
449  135926  129100  5.67557e-309
450  136500  129600  5.67585e-309
451  137038  130000  5.67608e-309
452  137591  131000  5.67619e-309
453  138189  131800  5.67634e-309
454  138869  132600  5.67702e-309
455  139526  133000  5.67742e-309
456  140064  133200  5.67759e-309
457  140671  133800  5.67802e-309
458  141300  134600  5.67859e-309
459  141946  135100  5.67869e-309
460  142586  136000  5.67895e-309
461  143149  136300  5.6792e-309
462  143833  136600  5.67967e-309
463  144448  137200  5.67969e-309
464  145099  138000  5.68043e-309
465  145669  138400  5.68043e-309
466  146321  139300  5.68058e-309
467  147035  140000  5.68141e-309
468  147708  140800  5.68145e-309
469  148281  141400  5.68156e-309
470  149010  142000  5.68188e-309
471  149668  142600  5.68222e-309
472  150380  143400  5.68281e-309
473  150973  143500  5.68285e-309
474  151563  143600  5.68294e-309
475  152182  144100  5.68334e-309
476  152863  144600  5.68353e-309
477  153439  144800  5.684e-309
478  154123  145100  5.6844e-309
479  154816  145500  5.68481e-309
480  155426  145900  5.6851e-309
481  156192  147500  5.68519e-309
482  156860  148000  5.68561e-309
483  157615  148600  5.68576e-309
484  158211  149000  5.68591e-309
485  158911  149600  5.68602e-309
486  159514  150200  5.6864e-309
487  160313  150400  5.68712e-309
488  161051  151300  5.68731e-309
489  161688  152600  5.68746e-309
490  162397  153700  5.68795e-309
491  163082  153900  5.68822e-309
492  163750  154200  5.68863e-309
493  164373  154700  5.68873e-309
494  165048  155400  5.68918e-309
495  165788  156600  5.68945e-309
496  166484  157300  5.68954e-309
497  167171  158300  5.68954e-309
498  168023  159200  5.68977e-309
499  168695  160100  5.69007e-309
500  169400  160300  5.69007e-309
501  170090  160900  5.69028e-309
502  170769  161300  5.69051e-309
503  171428  162000  5.69081e-309
504  172252  162700  5.69083e-309
505  172955  163500  5.69136e-309
506  173743  164400  5.69143e-309
507  174459  165400  5.69164e-309
508  175197  166600  5.69217e-309
509  176112  167300  5.69236e-309
510  176821  167800  5.69295e-309
511  177542  168400  5.69334e-309
512  178181  169100  5.69348e-309
513  178865  169500  5.69397e-309
514  179568  170200  5.69412e-309
515  180285  170900  5.69438e-309
516  180977  171600  5.69448e-309
517  181711  172300  5.69461e-309
518  182425  173000  5.69476e-309
519  183208  173500  5.69478e-309
520  183989  173800  5.69478e-309
521  184728  175000  5.69478e-309
522  185493  176000  5.69491e-309
523  186237  176100  5.69535e-309
524  187115  178000  5.69539e-309
525  187942  178800  5.69552e-309
526  188696  179700  5.69554e-309
527  189509  181000  5.69556e-309
528  190264  181400  5.69597e-309
529  191074  181900  5.69629e-309
530  191817  182500  5.69669e-309
531  192557  182700  5.69703e-309
532  193333  183600  5.69735e-309
533  194139  184500  5.69764e-309
534  194986  185400  5.698e-309
535  195791  186200  5.69824e-309
536  196486  187200  5.69873e-309
537  197286  187800  5.69877e-309
538  198026  188200  5.69898e-309
539  198737  188900  5.69919e-309
540  199416  189800  5.69943e-309
541  200231  190600  5.69962e-309
542  200985  191000  5.69962e-309
543  201765  191500  5.69972e-309
544  202659  192400  5.69989e-309
545  203340  193000  5.70023e-309
546  204172  194400  5.70049e-309
547  205083  195100  5.70068e-309
548  205820  195600  5.70095e-309
549  206639  196900  5.70119e-309
550  207425  197800  5.70136e-309
551  208320  199100  5.70151e-309
552  209018  199500  5.70155e-309
553  209691  199900  5.70223e-309
554  210417  200900  5.70229e-309
555  211311  201300  5.70233e-309
556  212118  202200  5.7028e-309
557  212896  202800  5.70291e-309
558  213673  204000  5.70308e-309
559  214526  205300  5.70322e-309
560  215306  206600  5.70337e-309
561  216025  207000  5.70414e-309
562  216765  207900  5.70446e-309
563  217525  208400  5.70467e-309
564  218329  209100  5.70467e-309
565  219188  209400  5.70467e-309
566  219928  210600  5.70533e-309
567  220684  210900  5.70566e-309
568  221460  211300  5.70577e-309
569  222312  212000  5.70609e-309
570  223105  212600  5.70626e-309
571  224023  213100  5.70632e-309
572  224807  213800  5.70668e-309
573  225682  214600  5.70698e-309
574  226521  215400  5.70734e-309
575  227282  216700  5.70755e-309
576  228056  217500  5.70774e-309
577  228906  218700  5.70804e-309
578  229751  219600  5.70804e-309
579  230669  220100  5.70817e-309
580  231566  220900  5.70825e-309
581  232461  221600  5.70836e-309
582  233352  222600  5.70844e-309
583  234225  223600  5.70851e-309
584  235034  224300  5.70893e-309
585  235786  224800  5.70904e-309
586  236613  225900  5.70925e-309
587  237423  226600  5.70963e-309
588  238359  227900  5.70974e-309
589  239213  228700  5.70978e-309
590  239970  230100  5.71021e-309
591  240820  231100  5.71021e-309
592  241619  231800  5.71063e-309
593  242534  232500  5.71069e-309
594  243359  233600  5.71082e-309
595  244249  234700  5.71091e-309
596  245061  235600  5.71144e-309
597  245968  236200  5.71156e-309
598  246758  236900  5.71175e-309
599  247555  237500  5.71212e-309
600  248361  238500  5.71222e-309
601  249221  239300  5.71237e-309
602  250048  239900  5.71246e-309
603  250952  240700  5.7125e-309
604  251767  241400  5.71265e-309
605  252648  242700  5.71282e-309
606  253553  243800  5.71284e-309
607  254418  244500  5.71309e-309
608  255272  245200  5.71326e-309
609  256170  246200  5.7133e-309
610  257126  247000  5.7143e-309
611  258118  247900  5.71456e-309
612  258919  249400  5.71496e-309
613  259748  250500  5.71511e-309
614  260687  251500  5.71528e-309
615  261527  252800  5.71579e-309
616  262494  253400  5.71598e-309
617  263354  254300  5.71621e-309
618  264418  255600  5.71649e-309
619  265324  256600  5.71666e-309
620  266153  257400  5.71672e-309
621  267074  258100  5.71706e-309
622  267995  259500  5.7177e-309
623  268857  260600  5.71821e-309
624  269738  261000  5.71867e-309
625  270669  261700  5.71874e-309
626  271704  262900  5.71891e-309
627  272651  264400  5.71912e-309
628  273536  265100  5.71942e-309
629  274444  265900  5.71971e-309
630  275327  266800  5.71984e-309
631  276137  267500  5.71988e-309
632  277144  268000  5.71997e-309
633  278087  268500  5.72096e-309
634  279044  268900  5.72101e-309
635  279957  269800  5.72137e-309
636  280889  270200  5.7216e-309
637  281801  271200  5.72169e-309
638  282864  272500  5.72183e-309
639  283831  273600  5.72232e-309
640  284750  274700  5.72256e-309
641  285644  275100  5.72298e-309
642  286616  276700  5.72302e-309
643  287466  277700  5.72309e-309
644  288422  278600  5.72372e-309
645  289398  279600  5.7241e-309
646  290342  280400  5.72427e-309
647  291167  281400  5.72438e-309
648  292168  283100  5.7244e-309
649  293157  283700  5.72476e-309
650  294060  284600  5.72489e-309
651  295008  285300  5.72521e-309
652  295894  286000  5.72548e-309
653  296875  287200  5.72557e-309
654  297815  288600  5.72591e-309
655  298716  289300  5.72633e-309
656  299614  290000  5.72678e-309
657  300666  290600  5.72678e-309
658  301573  292200  5.72695e-309
659  302524  293200  5.7272e-309
660  303457  293800  5.72731e-309
661  304377  294300  5.72733e-309
662  305324  295400  5.72746e-309
663  306213  296100  5.72788e-309
664  307204  296800  5.7282e-309
665  308403  297600  5.72835e-309
666  309352  298600  5.72835e-309
667  310288  300100  5.7285e-309
668  311253  301200  5.72858e-309
669  312288  302500  5.72892e-309
670  313188  303400  5.72916e-309
671  314268  304700  5.72922e-309
672  315257  306000  5.72928e-309
673  316434  307500  5.72928e-309
674  317429  308600  5.72932e-309
675  318547  309300  5.72939e-309
676  319533  309900  5.72949e-309
677  320527  311200  5.72956e-309
678  321555  312000  5.73045e-309
679  322752  313200  5.73077e-309
680  323832  314100  5.73085e-309
681  324825  314800  3.08628
682  325874  315500  3.18344
683  326831  316500  3.16096
684  327964  317400  3.22109
685  328980  318100  3.30719
686  330107  319400  3.24349
687  331148  320300  3.27588
688  332246  321200  3.32464
689  333316  322100  3.36497
690  334325  323200  3.3276
691  335427  324400  3.28745
692  336392  326100  3.05953
693  337538  327100  3.09239
694  338671  328400  3.03274
695  339692  329400  3.0298
696  340763  330700  2.95308
697  341749  332000  2.85268
698  342752  333200  2.78685
699  343788  334400  2.73075
700  344942  335700  2.67929
701  345913  336100  2.83684
702  347039  337500  2.74868
703  348130  338200  2.85238
704  349133  339300  2.81641
705  350233  340600  2.75045
706  351315  341300  2.85072
707  352362  342400  2.82721
708  353395  343100  2.91317
709  354607  344400  2.8784
710  355738  345500  2.87796
711  356858  346500  2.90256
712  357853  347000  3.03281
713  358982  347800  3.11492
714  360102  349100  3.05525
715  361240  350400  3.00078
716  362305  351500  2.98229
717  363339  352300  3.03821
718  364469  353500  3.00958
719  365722  354600  3.04111
720  366925  355600  3.08646
721  368094  357000  3.0139
722  369118  358100  2.98495
723  370136  359000  3.00862
724  371355  360300  2.97694
725  372412  361300  2.98379
726  373550  362000  3.09196
727  374650  362600  3.21634
728  375802  363200  3.35336
729  376969  364300  3.36075
730  378136  365400  3.3681
731  379342  366400  3.4117
732  380545  368200  3.24403
733  381625  369300  3.22961
734  382847  371000  3.09445
735  383895  372700  2.91616
736  385143  373300  3.07496
737  386212  374500  3.03253
738  387366  375500  3.06325
739  388514  376000  3.22099
740  389525  376800  3.2668
741  390610  379100  2.94667
742  391680  380200  2.93096
743  392922  381500  2.90694
744  394215  382900  2.87026
745  395322  384400  2.76281
746  396450  385500  2.76201
747  397628  386200  2.87404
748  398919  387700  2.81235
749  400065  388300  2.94077
750  401150  389500  2.90415
751  402259  390600  2.89838
752  403399  391600  2.9249
753  404741  392600  2.9997
754  405917  393500  3.059
755  407123  395000  2.97772
756  408269  396200  2.95614
757  409486  397000  3.04919
758  410734  398100  3.07596
759  411881  399800  2.93313
760  413115  401300  2.85998
761  414268  402400  2.86481
762  415337  403100  2.94628
763  416537  404400  2.91379
764  417758  405200  3.00605
765  418911  406000  3.08204
766  420191  407400  3.04409
767  421383  409400  2.84373
768  422530  410300  2.89447
769  423860  411600  2.89246
770  425095  413200  2.7982
771  426269  414300  2.80785
772  427548  415500  2.81793
773  428860  416300  2.92869
774  430101  417800  2.86003
775  431382  418800  2.91667
776  432710  420700  2.77553
777  434018  421400  2.90725
778  435344  423000  2.83546
779  436556  424600  2.73871
780  437714  425900  2.69902
781  439074  427400  2.65878
782  440354  429300  2.51025
783  441513  430800  2.42643
784  442839  432200  2.40245
785  444151  433400  2.42057
786  445454  435200  2.30192
787  446752  435700  2.47386
788  448169  437600  2.35826
789  449488  438600  2.42231
790  450797  439200  2.57255
791  452162  440000  2.68974
792  453516  441200  2.71567
793  454876  442600  2.69876
794  456197  443600  2.76131
795  457543  445300  2.67581
796  458854  446600  2.67057
797  460169  447700  2.70966
798  461447  449100  2.67571
799  462744  450800  2.58112
800  464159  453000  2.40413
801  465507  453700  2.53637
802  466902  454300  2.69907
803  468233  455600  2.69802
804  469497  456600  2.74698
805  470816  458100  2.70084
806  472146  458900  2.80549
807  473598  459900  2.89233
808  474988  461100  2.92386
809  476298  462600  2.87593
810  477706  464400  2.7854
811  479102  465600  2.81819
812  480475  466800  2.84614
813  481962  467900  2.91766
814  483268  469000  2.9524
815  484675  470100  3.00717
816  486072  471400  3.01848
817  487472  472700  3.03033
818  488988  474200  3.02421
819  490409  475500  3.04012
820  491776  476800  3.04529
821  493228  478900  2.90494
822  494667  481100  2.74265
823  496061  481900  2.85469
824  497440  483500  2.80235
825  498926  484900  2.81124
826  500275  486400  2.77347
827  501752  487200  2.90024
828  503153  488900  2.83274
829  504554  490000  2.88453
830  505960  490900  2.97652
831  507331  491900  3.0416
832  508799  493600  2.98723
833  510258  495100  2.97065
834  511697  496700  2.93084
835  513050  497600  3.0114
836  514528  498900  3.03735
837  515983  500600  2.9813
838  517497  502700  2.85934
839  518887  504000  2.86903
840  520392  505200  2.91934
841  521862  506400  2.96285
842  523489  508000  2.9588
843  525011  509200  3.01156
844  526545  510300  3.08521
845  527938  511100  3.18939
846  529380  512400  3.20753
847  530943  514100  3.17228
848  532487  515900  3.11501
849  534224  517800  3.07437
850  535793  519200  3.0969
851  537323  520800  3.07506
852  538962  522400  3.07294
853  540421  523900  3.05706
854  542032  525500  3.05
855  543493  527100  3.01623
856  545147  528100  3.12705
857  546872  529500  3.17661
858  548379  530400  3.27857
859  550077  532500  3.19537
860  551691  533600  3.27919
861  553243  535000  3.29747
862  554749  536700  3.25354
863  556339  538400  3.22447
864  558057  539800  3.27153
865  559749  541000  3.34954
866  561303  542500  3.34988
867  562964  543900  3.38636
868  564627  545500  3.38755
869  566329  547100  3.39538
870  568080  548200  3.49951
871  569562  549800  3.46968
872  571198  551900  3.37851
873  572738  552800  3.48117
874  574423  554000  3.55539
875  576119  556100  3.4748
876  577688  558700  3.2869
877  579333  559900  3.35437
878  581149  561400  3.39827
879  582844  562200  3.54194
880  584564  564800  3.38098
881  586324  566400  3.39812
882  588005  568100  3.38518
883  589716  569300  3.46201
884  591481  571000  3.46266
885  593213  572600  3.47481
886  594968  574400  3.45699
887  596723  575500  3.55659
888  598394  576900  3.59195
889  600118  578500  3.60229
890  602002  580000  3.65481
891  603701  581300  3.71061
892  605472  583000  3.71148
893  607249  584800  3.69684
894  608873  586900  3.6088
895  610644  588700  3.59358
896  612425  590800  3.53104
897  614147  592500  3.52473
898  615900  594300  3.50706
899  617646  595900  3.52079
900  619423  597600  3.52312
901  621296  600300  3.37939
902  623096  602600  3.28938
903  625018  604500  3.28279
904  626731  606100  3.29184
905  628472  608200  3.2256
906  630177  610300  3.15419
907  632097  612100  3.1636
908  633998  613900  3.17004
909  635835  615000  3.27679
910  637736  616700  3.29854
911  639643  618200  3.35234
912  641638  620100  3.35672
913  643645  621900  3.37842
914  645589  623900  3.35957
915  647653  626400  3.28154
916  649504  628100  3.29544
917  651461  629500  3.37104
918  653379  631500  3.34859
919  655291  633800  3.27961
920  656994  635500  3.27157
921  658704  637300  3.24941
922  660547  639700  3.15602
923  662566  642000  3.10399
924  664807  644100  3.11474
