Serial  Exact_Count  Global_Count  Error
0  0  0  nan
1  6  6  0
2  25  25  0
3  32  32  0
4  38  38  0
5  52  52  0
6  66  66  0
7  80  80  0
8  87  87  0
9  96  96  0
10  125  125  0
11  143  143  0
12  148  148  0
13  172  172  0
14  217  217  0
15  253  253  0
16  273  273  0
17  283  283  0
18  302  302  0
19  318  318  0
20  357  357  0
21  391  391  0
22  405  405  0
23  557  557  0
24  608  608  0
25  644  644  0
26  659  659  0
27  693  693  0
28  717  717  0
29  756  756  0
30  798  798  0
31  885  885  0
32  1005  1005  0
33  1037  1037  0
34  1072  1072  0
35  1142  1142  0
36  1244  1244  0
37  1305  1305  0
38  1370  1370  0
39  1417  1417  0
40  1479  1479  0
41  1521  1521  0
42  1572  1572  0
43  1627  1627  0
44  1677  1677  0
45  1728  1728  0
46  1776  1776  0
47  1818  1818  0
48  1885  1885  0
49  1928  1928  0
50  1995  1995  0
51  2043  2043  0
52  2092  2092  0
53  2163  2163  0
54  2268  2268  0
55  2339  2339  0
56  2441  2441  0
57  2506  2506  0
58  2575  2575  0
59  2685  2685  0
60  2747  2747  0
61  2802  2802  0
62  2885  2885  0
63  2937  2937  0
64  3024  3024  0
65  3102  3102.44  0.0142428
66  3178  3176.26  0.0547313
67  3284  3285.09  0.0330857
68  3417  3420.4  0.0994163
69  3487  3491.27  0.122466
70  3564  3574.81  0.303326
71  3697  3667.92  0.786667
72  3767  3744.64  0.593678
73  3849  3830.77  0.473635
74  3939  3905.72  0.844962
75  4033  4003.23  0.738172
76  4130  4087.38  1.03206
77  4222  4186.46  0.841856
78  4345  4292.98  1.19719
79  4418  4364.32  1.21493
80  4528  4492.55  0.782912
81  4624  4586.88  0.802686
82  4737  4694.76  0.891737
83  4848  4781.57  1.37027
84  4926  4867.47  1.18819
85  5073  5027.31  0.900712
86  5190  5146.82  0.832023
87  5292  5246.46  0.860553
88  5370  5324.94  0.839119
89  5499  5475.73  0.423201
90  5685  5681.62  0.0595262
91  5835  5836.45  0.0248356
92  5977  5945.85  0.52124
93  6143  6044.5  1.60347
94  6400  6323.8  1.19056
95  6513  6472.86  0.616351
96  6636  6562.24  1.11154
97  6792  6697.09  1.39734
98  6879  6825.94  0.771288
99  7025  6916.76  1.54085
100  7185  7021.33  2.27795
101  7326  7199.84  1.72208
102  7448  7287.95  2.14889
103  7565  7418.15  1.94119
104  7699  7527.84  2.22315
105  7850  7682.73  2.13077
106  7983  7811.79  2.14465
107  8176  7996.87  2.19097
108  8270  8073.94  2.37069
109  8399  8205.15  2.30801
110  8581  8363.64  2.53303
111  8792  8565.51  2.57604
112  8920  8702.27  2.44088
113  9081  8868.9  2.33567
114  9237  9013.14  2.42349
115  9400  9182.9  2.30954
116  9559  9385.15  1.81872
117  9734  9477.36  2.63657
118  9960  9743.75  2.17116
119  10109  9852.93  2.53313
120  10268  10014.5  2.4691
121  10442  10186.7  2.44493
122  10608  10363.3  2.30677
123  10758  10497  2.42641
124  10957  10723.2  2.13388
125  11070  10828.4  2.18279
126  11302  11115.6  1.64884
127  11456  11226  2.008
128  11623  11324.1  2.57193
129  11791  11486.2  2.58531
130  12008  11691.2  2.63795
131  12184  11852.5  2.72104
132  12352  12018.1  2.70284
133  12502  12178.5  2.58749
134  12659  12299.5  2.84003
135  12806  12485  2.50664
136  13006  12665.7  2.61662
137  13166  12776.4  2.95899
138  13318  12870.9  3.35718
139  13479  13015.9  3.43594
140  13632  13232.4  2.93158
141  13835  13484.3  2.5348
142  14000  13596.9  2.8791
143  14232  13858.7  2.62315
144  14470  14041  2.96497
145  14718  14172.3  3.70743
146  14930  14351.5  3.87475
147  15107  14522.9  3.86656
148  15318  14708.7  3.97753
149  15495  14839.1  4.23303
150  15685  15021.1  4.23255
151  15895  15242.8  4.10324
152  16123  15544.7  3.5869
153  16296  15686.4  3.74093
154  16496  15843.2  3.95732
155  16683  15936.6  4.474
156  16877  16073.1  4.76351
157  17073  16253.2  4.80148
158  17247  16409  4.85893
159  17418  16567.3  4.88417
160  17629  16699.7  5.27153
161  17801  16834.7  5.42851
162  18007  16987.2  5.66356
163  18244  17283.1  5.2667
164  18428  17409.6  5.52653
165  18707  17780  4.95555
166  18934  18026.7  4.79203
167  19128  18227.8  4.70618
168  19345  18431.8  4.72039
169  19551  18604.3  4.84239
170  19818  18921.3  4.52449
171  20093  19154.5  4.67081
172  20353  19446.8  4.45239
173  20551  19613.8  4.56014
174  20806  19878.2  4.45916
175  21083  20109.1  4.61947
176  21307  20382.5  4.3388
177  21531  20502.1  4.77874
178  21753  20663.9  5.00683
179  21988  20952.1  4.71099
180  22220  21244.6  4.38963
181  22458  21435.6  4.5526
182  22707  21651  4.65048
183  22921  21870.4  4.58339
184  23212  22115.8  4.72265
185  23384  22388.4  4.25748
186  23668  22572.2  4.62992
187  23913  23110.7  3.35513
188  24142  23253.3  3.68093
189  24405  23423  4.02394
190  24673  23791.2  3.57385
191  24908  23990.8  3.68238
192  25154  24167.8  3.92081
193  25431  24451.4  3.85182
194  25706  24791.1  3.55894
195  25944  25056.8  3.41952
196  26184  25299.2  3.3793
197  26400  25517.9  3.34128
198  26637  25795.4  3.15945
199  26856  26021.4  3.10761
200  27135  26336.7  2.94181
201  27362  26511.2  3.10954
202  27652  26954.2  2.52369
203  27884  27223.5  2.36858
204  28128  27466  2.3534
205  28430  27651.4  2.73871
206  28683  27964.6  2.50461
207  29037  28314.5  2.4881
208  29310  28507.6  2.73779
209  29538  28801.9  2.49211
210  29848  29067.4  2.61524
211  30119  29235.4  2.93376
212  30418  29576.9  2.76512
213  30661  29785.3  2.856
214  30918  29891  3.32175
215  31225  30211.4  3.24606
216  31491  30572.5  2.91656
217  31806  31084.8  2.26752
218  32040  31381.2  2.05621
219  32310  31832.1  1.47908
220  32555  32289  0.817138
221  32847  32559.2  0.876193
222  33247  32872.2  1.12728
223  33530  33229.5  0.896164
224  33855  33551.3  0.896987
225  34180  33958.5  0.648122
226  34471  34206.3  0.76802
227  34817  34499.1  0.913128
228  35145  34669  1.3543
229  35444  34883.3  1.58184
230  35715  35144.8  1.59643
231  36040  35364.8  1.87356
232  36416  35990.2  1.16925
233  36759  36443.4  0.858683
234  37048  36902.2  0.393465
235  37419  37272.4  0.391794
236  37752  37554.2  0.523849
237  37992  37697.2  0.775854
238  38322  37937.7  1.00293
239  38624  38377.4  0.638478
240  38923  38723.8  0.511826
241  39207  39073.2  0.341147
242  39474  39326.2  0.374465
243  39781  39736.6  0.111574
244  40124  40255.3  0.327176
245  40478  40518.4  0.0997287
246  40854  40784.6  0.169928
247  41201  41054.2  0.356261
248  41569  41708.3  0.335156
249  41952  42481.9  1.26301
250  42241  42761.4  1.23203
251  42648  43269.7  1.45782
252  42913  43498.1  1.36355
253  43327  43960.4  1.46188
254  43671  44312.1  1.46811
255  43998  44548.6  1.2515
256  44369  44787.6  0.943357
257  44637  44908.7  0.608651
258  44940  45153.7  0.47552
259  45324  45526.9  0.447622
260  45651  45652.3  0.0028414
261  45953  46224  0.589821
262  46299  46352.6  0.115776
263  46651  46612.5  0.0824459
264  47056  46810.1  0.522525
265  47412  47142.3  0.568768
266  47801  47949.6  0.310866
267  48146  48289  0.29693
268  48507  48495.2  0.0242932
269  48876  48774  0.208771
270  49222  49196.8  0.0512635
271  49577  49481  0.193616
272  49920  49841.4  0.157497
273  50262  50350  0.175007
274  50617  50643.6  0.0526354
275  51023  51015.3  0.0151226
276  51319  51165  0.300059
277  51720  51317.5  0.778211
278  52116  51702.1  0.794277
279  52491  52245.2  0.468312
280  52904  52795.1  0.20592
281  53315  53112.1  0.380553
282  53730  53513.5  0.402852
283  54044  53999.7  0.08202
284  54422  54653.4  0.425279
285  54748  55067.2  0.582988
286  55133  55401.2  0.486484
287  55465  55739.7  0.49524
288  55833  56080.5  0.443282
289  56120  56253.2  0.237294
290  56443  56515  0.127609
291  56813  57042.3  0.403624
292  57257  57841.8  1.02141
293  57638  58561.4  1.60205
294  58049  58924.6  1.50843
295  58372  59108.4  1.26152
296  58784  59387.3  1.0263
297  59129  59574.7  0.753768
298  59523  59574.7  0.0868493
299  59950  60339.5  0.649747
300  60332  60918.3  0.971801
301  60719  61112.2  0.647576
302  61237  61407.2  0.277884
303  61702  61803.8  0.164939
304  62120  61903.6  0.348279
305  62503  62713.7  0.337154
306  62917  63225.5  0.490363
307  63311  63534.9  0.353684
308  63715  63743.7  0.0451202
309  64197  64271.3  0.115673
310  64639  64484.2  0.239471
311  65126  65021.3  0.16072
312  65511  65238.5  0.415996
313  65907  65457.8  0.681597
314  66428  66009.3  0.630239
315  66847  66455.4  0.585863
316  67231  66906  0.483376
317  67606  67246.1  0.532302
318  68079  67820.1  0.380259
319  68404  68167.9  0.345187
320  68891  68870.8  0.0292902
321  69255  69224.9  0.0434046
322  69668  69344.2  0.464785
323  70071  69705.6  0.521533
324  70429  70069.3  0.510749
325  70905  70314.9  0.832227
326  71387  70561.6  1.15625
327  71830  70936.8  1.24355
328  72290  71316  1.34738
329  72797  71824.1  1.3364
330  73241  71952.2  1.75963
331  73727  72081.7  2.23164
332  74121  72081.7  2.75134
333  74593  72213.2  3.19032
334  75045  72478.9  3.41945
335  75499  73015.7  3.28916
336  75879  73557  3.06019
337  76277  73967.8  3.02733
338  76798  74519.2  2.96731
339  77276  74658.1  3.38779
340  77744  75217.5  3.24974
341  78181  75217.5  3.79054
342  78667  76073.8  3.29639
343  79136  76650.1  3.1413
344  79615  77087.3  3.17489
345  80162  77526.7  3.28746
346  80652  77821.5  3.50958
347  81135  78417.4  3.34943
348  81552  78867.1  3.29226
349  82114  79624.1  3.03226
350  82652  80083.3  3.10781
351  83134  80699.1  2.92891
352  83546  81011.1  3.03416
353  83989  81482.1  2.98478
354  84451  82432  2.39078
355  84869  82752  2.49444
356  85326  83397  2.26079
357  85849  84046.3  2.0998
358  86351  84537.9  2.09973
359  86801  85033.2  2.03665
360  87272  86032.7  1.42
361  87847  86536.6  1.49173
362  88326  86705.3  1.83486
363  88806  87045.9  1.98201
364  89371  87390.3  2.21625
365  89915  87737.1  2.42223
366  90464  88785.6  1.85538
367  90935  89316.4  1.77991
368  91468  89494.5  2.15755
369  92077  89673.6  2.61017
370  92651  90215.8  2.62839
371  93217  91126  2.24315
372  93684  91676.3  2.14308
373  94167  92046.7  2.25164
374  94640  92978.7  1.75536
375  95137  93355.9  1.87216
376  95716  93735.1  2.06954
377  96209  93926.9  2.37205
378  96744  94504.7  2.31463
379  97207  94892.4  2.38107
380  97762  95677  2.13268
381  98233  96268.1  2.00029
382  98777  96467  2.33857
383  99227  96868  2.37737
384  99753  97677.7  2.08049
385  100253  98287.3  1.96071
386  100822  99108.7  1.69938
387  101338  99522.7  1.79134
388  101816  99940.6  1.84193
389  102302  100151  2.10299
390  102834  100784  1.99328
391  103436  101424  1.94513
392  103969  101854  2.03444
393  104459  102286  2.08012
394  104977  102723  2.14705
395  105459  103162  2.17775
396  105979  103384  2.4486
397  106556  103830  2.55865
398  107159  104954  2.05805
399  107626  105407  2.06198
400  108180  105634  2.35313
401  108708  107243  1.3479
402  109331  107474  1.69819
403  109769  108408  1.23976
404  110349  108408  1.75885
405  110806  108645  1.94997
406  111346  109601  1.56687
407  111849  109601  2.00954
408  112462  110329  1.89641
409  112998  111062  1.7132
410  113448  111062  2.10307
411  114034  111804  1.95523
412  114540  112053  2.17127
413  115122  112303  2.44837
414  115689  112556  2.70847
415  116261  113064  2.74992
416  116819  114346  2.11712
417  117448  114346  2.64134
418  117993  114346  3.09103
419  118574  114871  3.12329
420  119121  115399  3.12476
421  119673  116729  2.45962
422  120365  116997  2.79852
423  120949  118078  2.37388
424  121558  118622  2.41498
425  122116  120264  1.51646
426  122691  121091  1.30382
427  123298  121370  1.56384
428  123893  121648  1.81173
429  124471  122775  1.36239
430  125034  123343  1.35263
431  125634  123914  1.36923
432  126201  123914  1.81237
433  126806  124204  2.05203
434  127442  124204  2.54084
435  128003  124792  2.50868
436  128556  125678  2.2388
437  129193  126870  1.79818
438  129703  127169  1.95392
439  130267  127771  1.91623
440  130858  128684  1.66133
441  131427  128989  1.85471
442  131989  129298  2.03893
443  132621  130228  1.80472
444  133214  130853  1.77259
445  133722  130853  2.14575
446  134285  131802  1.8489
447  134848  131802  2.25869
448  135372  132763  1.92692
449  135926  132763  2.32665
450  136500  133739  2.02289
451  137038  134720  1.69147
452  137591  135707  1.36951
453  138189  136369  1.31691
454  138869  136369  1.80013
455  139526  137375  1.54151
456  140064  137714  1.67762
457  140671  138055  1.85953
458  141300  139426  1.32595
459  141946  140803  0.80549
460  142586  141498  0.763198
461  143149  143246  0.0680528
462  143833  143597  0.163793
463  144448  143597  0.588854
464  145099  145022  0.0531871
465  145669  145022  0.444277
466  146321  145383  0.641019
467  147035  145746  0.87653
468  147708  146111  1.08105
469  148281  146847  0.967184
470  149010  147217  1.20313
471  149668  147217  1.63748
472  150380  148343  1.35458
473  150973  148721  1.49171
474  151563  149101  1.62473
475  152182  149863  1.52362
476  152863  149863  1.96233
477  153439  150639  1.82496
478  154123  151028  2.00806
479  154816  151813  1.93953
480  155426  152602  1.81666
481  156192  154188  1.28292
482  156860  155384  0.940942
483  157615  156989  0.396932
484  158211  157798  0.261145
485  158911  158612  0.187954
486  159514  159429  0.0534375
487  160313  159840  0.295116
488  161051  161499  0.27795
489  161688  162334  0.399741
490  162397  162755  0.22037
491  163082  164443  0.834563
492  163750  164443  0.42322
493  164373  165725  0.822746
494  165048  166155  0.670843
495  165788  167451  1.00298
496  166484  169191  1.62597
497  167171  170065  1.73128
498  168023  170506  1.47762
499  168695  171833  1.86016
500  169400  172279  1.69953
501  170090  173624  2.07747
502  170769  174976  2.46368
503  171428  177243  3.39191
504  172252  178610  3.6912
505  172955  178610  3.26973
506  173743  179533  3.33263
507  174459  179533  2.90854
508  175197  179533  2.47505
509  176112  180003  2.20966
510  176821  182366  3.13586
511  177542  182366  2.71703
512  178181  182843  2.61635
513  178865  182843  2.22393
514  179568  184778  2.90156
515  180285  185266  2.76283
516  180977  186246  2.91152
517  181711  186737  2.7662
518  182425  186737  2.36398
519  183208  189228  3.286
520  183989  189728  3.11945
521  184728  190233  2.98021
522  185493  191755  3.3759
523  186237  193285  3.78456
524  187115  195848  4.66693
525  187942  196363  4.48069
526  188696  196883  4.33861
527  189509  196883  3.89099
528  190264  197408  3.7546
529  191074  198464  3.86746
530  191817  198994  3.74175
531  192557  199528  3.62005
532  193333  201138  4.03715
533  194139  203297  4.71744
534  194986  204384  4.81992
535  195791  204929  4.66712
536  196486  204929  4.2969
537  197286  206033  4.43359
538  198026  206587  4.32314
539  198737  207144  4.23004
540  199416  207144  3.87514
541  200231  207144  3.45234
542  200985  208844  3.91024
543  201765  209986  4.07443
544  202659  211132  4.1808
545  203340  212288  4.40039
546  204172  212869  4.25957
547  205083  212869  3.79644
548  205820  215216  4.56497
549  206639  215216  4.15054
550  207425  215216  3.75588
551  208320  215811  3.5958
552  209018  215811  3.24985
553  209691  215811  2.91847
554  210417  216417  2.85141
555  211311  217635  2.99265
556  212118  218859  3.178
557  212896  219476  3.09078
558  213673  220094  3.00495
559  214526  220715  2.88499
560  215306  221967  3.09386
561  216025  222597  3.04202
562  216765  223227  2.98124
563  217525  223862  2.91301
564  218329  225140  3.11963
565  219188  225140  2.7155
566  219928  227077  3.2504
567  220684  228376  3.48541
568  221460  228376  3.1228
569  222312  229034  3.02354
570  223105  231013  3.54451
571  224023  231676  3.41614
572  224807  231676  3.05548
573  225682  233686  3.5465
574  226521  234360  3.46046
575  227282  235038  3.41259
576  228056  235038  3.06162
577  228906  236406  3.27659
578  229751  237095  3.19633
579  230669  238477  3.38505
580  231566  239173  3.28515
581  232461  239173  2.88749
582  233352  239875  2.79521
583  234225  240581  2.71355
584  235034  244124  3.8675
585  235786  244124  3.53624
586  236613  245556  3.77945
587  237423  246277  3.72937
588  238359  247002  3.62608
589  239213  248459  3.8652
590  239970  249923  4.14767
591  240820  250658  4.08531
592  241619  250658  3.74112
593  242534  251400  3.65575
594  243359  252146  3.61055
595  244249  252896  3.54007
596  245061  255158  4.12038
597  245968  255158  3.73644
598  246758  255920  3.7129
599  247555  255920  3.379
600  248361  256689  3.35326
601  249221  257462  3.30683
602  250048  257462  2.96515
603  250952  259026  3.21724
604  251767  259026  2.88311
605  252648  260603  3.14883
606  253553  261398  3.09404
607  254418  261398  2.74353
608  255272  262197  2.71267
609  256170  264610  3.29465
610  257126  265417  3.22442
611  258118  265417  2.82771
612  258919  265417  2.5096
613  259748  266238  2.49841
614  260687  267061  2.44493
615  261527  267061  2.11588
616  262494  267893  2.05697
617  263354  267893  1.7237
618  264418  267893  1.31437
619  265324  268736  1.28609
620  266153  269585  1.28965
621  267074  270436  1.25894
622  267995  270436  0.910954
623  268857  272160  1.22865
624  269738  272160  0.898025
625  270669  274765  1.51319
626  271704  274765  1.1265
627  272651  279156  2.38591
628  273536  281797  3.02005
629  274444  281797  2.67921
630  275327  282685  2.67263
631  276137  283581  2.69571
632  277144  283581  2.32257
633  278087  285386  2.62475
634  279044  285386  2.27279
635  279957  285386  1.93926
636  280889  285386  1.60102
637  281801  286306  1.59863
638  282864  288155  1.87062
639  283831  288155  1.52355
640  284750  288155  1.1959
641  285644  290033  1.53647
642  286616  290975  1.52074
643  287466  291923  1.55061
644  288422  292875  1.54384
645  289398  292875  1.20138
646  290342  293836  1.20326
647  291167  294801  1.24808
648  292168  294801  0.901194
649  293157  294801  0.560792
650  294060  295778  0.58418
651  295008  296760  0.59386
652  295894  296760  0.29265
653  296875  298743  0.62938
654  297815  299741  0.646837
655  298716  299741  0.343261
656  299614  299741  0.0425137
657  300666  300751  0.028253
658  301573  300751  0.272588
659  302524  300751  0.586087
660  303457  301774  0.554524
661  304377  302803  0.517169
662  305324  303834  0.488029
663  306213  304873  0.437576
664  307204  306958  0.0801422
665  308403  308006  0.128679
666  309352  308006  0.435055
667  310288  308006  0.735398
668  311253  309070  0.701484
669  312288  310134  0.689649
670  313188  310134  0.975034
671  314268  310134  1.31534
672  315257  311214  1.28232
673  316434  311214  1.6495
674  317429  312306  1.61388
675  318547  312306  1.95919
676  319533  313407  1.91705
677  320527  316719  1.18801
678  321555  317830  1.1585
679  322752  317830  1.52508
680  323832  318951  1.50732
681  324825  318951  1.80842
682  325874  318951  2.1245
683  326831  318951  2.41109
684  327964  318951  2.74823
685  328980  318951  3.04857
686  330107  318951  3.37957
687  331148  320106  3.33432
688  332246  320106  3.65377
689  333316  320106  3.96306
690  334325  320106  4.2529
691  335427  321280  4.21766
692  336392  323639  3.79106
693  337538  324824  3.76682
694  338671  324824  4.08877
695  339692  326020  4.02477
696  340763  327220  3.97418
697  341749  327220  4.25122
698  342752  329643  3.82466
699  343788  330858  3.76102
700  344942  332079  3.72896
701  345913  333307  3.64429
702  347039  335768  3.24768
703  348130  338246  2.83929
704  349133  339487  2.76285
705  350233  343235  1.99821
706  351315  343235  2.30004
707  352362  344495  2.23268
708  353395  345758  2.16106
709  354607  349559  1.42358
710  355738  350831  1.37942
711  356858  350831  1.68894
712  357853  353402  1.24386
713  358982  354692  1.19512
714  360102  354692  1.50243
715  361240  355994  1.45223
716  362305  355994  1.74191
717  363339  357306  1.66054
718  364469  358626  1.6032
719  365722  358626  1.94031
720  366925  358626  2.26181
721  368094  358626  2.57221
722  369118  361304  2.11686
723  370136  362652  2.02202
724  371355  362652  2.34364
725  372412  362652  2.62082
726  373550  362652  2.91748
727  374650  362652  3.20252
728  375802  366769  2.40374
729  376969  366769  2.70587
730  378136  368153  2.6401
731  379342  369542  2.58355
732  380545  370937  2.52477
733  381625  373743  2.06537
734  382847  375152  2.00988
735  383895  376567  1.90885
736  385143  376567  2.2267
737  386212  376567  2.49733
738  387366  376567  2.7878
739  388514  378003  2.70544
740  389525  380888  2.21728
741  390610  380888  2.48889
742  391680  380888  2.75527
743  392922  380888  3.06266
744  394215  382355  3.00858
745  395322  382355  3.28018
746  396450  383831  3.18292
747  397628  385315  3.09658
748  398919  391276  1.91594
749  400065  392771  1.82312
750  401150  392771  2.08866
751  402259  392771  2.3586
752  403399  395799  1.884
753  404741  397322  1.83307
754  405917  397322  2.11747
755  407123  398854  2.031
756  408269  401936  1.55124
757  409486  405025  1.08939
758  410734  405025  1.38993
759  411881  406584  1.286
760  413115  408149  1.20217
761  414268  408149  1.47714
762  415337  409724  1.35147
763  416537  409724  1.63566
764  417758  411312  1.54295
765  418911  411312  1.81394
766  420191  412911  1.73258
767  421383  414517  1.62947
768  422530  417742  1.13326
769  423860  417742  1.44348
770  425095  419369  1.34688
771  426269  419369  1.61859
772  427548  419369  1.91289
773  428860  424303  1.06251
774  430101  424303  1.34798
775  431382  424303  1.64093
776  432710  424303  1.9428
777  434018  429308  1.08514
778  435344  429308  1.38642
779  436556  429308  1.6602
780  437714  429308  1.92036
781  439074  429308  2.22416
782  440354  431014  2.1211
783  441513  434433  1.60352
784  442839  434433  1.89815
785  444151  434433  2.18794
786  445454  436162  2.08601
787  446752  439630  1.59426
788  448169  439630  1.90539
789  449488  441377  1.80439
790  450797  441377  2.08952
791  452162  443136  1.99608
792  453516  443136  2.28868
793  454876  446689  1.79983
794  456197  452035  0.912387
795  457543  457396  0.0321162
796  458854  457396  0.317736
797  460169  459195  0.21168
798  461447  459195  0.488048
799  462744  461008  0.375058
800  464159  464656  0.107034
801  465507  466483  0.209725
802  466902  470159  0.697482
803  468233  470159  0.411239
804  469497  470159  0.140908
805  470816  470159  0.139639
806  472146  470159  0.420938
807  473598  470159  0.726237
808  474988  472034  0.621979
809  476298  472034  0.895306
810  477706  481487  0.791475
811  479102  483386  0.894101
812  480475  485288  1.00174
813  481962  487200  1.08685
814  483268  487200  0.813666
815  484675  487200  0.521006
816  486072  489131  0.629419
817  487472  491071  0.73824
818  488988  491071  0.425924
819  490409  491071  0.134931
820  491776  493030  0.255091
821  493228  496972  0.759151
822  494667  496972  0.46604
823  496061  496972  0.183717
824  497440  496972  0.0940121
825  498926  496972  0.391572
826  500275  496972  0.660168
827  501752  498986  0.551303
828  503153  498986  0.828212
829  504554  503041  0.299878
830  505960  503041  0.576933
831  507331  503041  0.845611
832  508799  505091  0.728804
833  510258  507147  0.609613
834  511697  509210  0.486043
835  513050  513355  0.0595317
836  514528  513355  0.227893
837  515983  513355  0.509236
838  517497  513355  0.800309
839  518887  513355  1.06605
840  520392  513355  1.35217
841  521862  513355  1.63004
842  523489  515483  1.52933
843  525011  517615  1.40874
844  526545  519755  1.28946
845  527938  521903  1.1432
846  529380  524058  1.00538
847  530943  526223  0.889068
848  532487  530559  0.362032
849  534224  532735  0.278723
850  535793  532735  0.570743
851  537323  532735  0.853863
852  538962  532735  1.15537
853  540421  534941  1.01398
854  542032  537162  0.898543
855  543493  539389  0.755106
856  545147  539389  1.05622
857  546872  539389  1.36832
858  548379  539389  1.63937
859  550077  541641  1.53352
860  551691  541641  1.82159
861  553243  541641  2.09701
862  554749  546196  1.54178
863  556339  548483  1.41211
864  558057  550776  1.30463
865  559749  553082  1.19106
866  561303  553082  1.46462
867  562964  557720  0.931578
868  564627  560044  0.811678
869  566329  560044  1.10977
870  568080  562390  1.00158
871  569562  564741  0.846444
872  571198  569459  0.304482
873  572738  569459  0.572547
874  574423  571832  0.451129
875  576119  571832  0.744185
876  577688  571832  1.01376
877  579333  571832  1.29483
878  581149  571832  1.60327
879  582844  571832  1.88942
880  584564  576676  1.34938
881  586324  576676  1.6455
882  588005  584006  0.680143
883  589716  588913  0.136164
884  591481  596287  0.81247
885  593213  596287  0.518128
886  594968  596287  0.221626
887  596723  596287  0.0731321
888  598394  596287  0.352175
889  600118  598783  0.22242
890  602002  598783  0.53468
891  603701  601297  0.398233
892  605472  601297  0.689567
893  607249  601297  0.980181
894  608873  603842  0.826209
895  610644  606392  0.696347
896  612425  608955  0.566602
897  614147  608955  0.845402
898  615900  608955  1.12762
899  617646  608955  1.40712
900  619423  611546  1.27167
901  621296  611546  1.56931
902  623096  614157  1.43466
903  625018  614157  1.73776
904  626731  614157  2.00634
905  628472  616792  1.85844
906  630177  616792  2.12397
907  632097  616792  2.42127
908  633998  616792  2.71385
909  635835  619463  2.57483
910  637736  630199  1.18179
911  639643  635582  0.634878
912  641638  638281  0.523251
913  643645  638281  0.833437
914  645589  640999  0.710968
915  647653  640999  1.02739
916  649504  640999  1.30945
917  651461  640999  1.60592
918  653379  640999  1.89475
919  655291  640999  2.18101
920  656994  640999  2.43456
921  658704  640999  2.68784
922  660547  643784  2.53776
923  662566  643784  2.83475
924  664807  643784  3.16228
